     MDCY(C111,1)   changed from              1 to              0
     MDCY(C310,1)   changed from              1 to              0
     MDCY(C411,1)   changed from              1 to              0
     MDCY(C-411,1)  changed from              0 to              0
     MDCY(C421,1)   changed from              1 to              0
     MDCY(C-421,1)  changed from              0 to              0
     MDCY(C431,1)   changed from              1 to              0
     MDCY(C-431,1)  changed from              0 to              0
     MDCY(C511,1)   changed from              1 to              0
     MDCY(C-511,1)  changed from              0 to              0
     MDCY(C521,1)   changed from              1 to              0
     MDCY(C-521,1)  changed from              0 to              0
     MDCY(C531,1)   changed from              1 to              0
     MDCY(C-531,1)  changed from              0 to              0
     MDCY(C3122,1)  changed from              1 to              0
     MDCY(C-3122,1) changed from              0 to              0
     MDCY(C3112,1)  changed from              1 to              0
     MDCY(C-3112,1) changed from              0 to              0
     MDCY(C3212,1)  changed from              1 to              0
     MDCY(C-3212,1) changed from              0 to              0
     MDCY(C3222,1)  changed from              1 to              0
     MDCY(C-3222,1) changed from              0 to              0
     MDCY(C3312,1)  changed from              1 to              0
     MDCY(C-3312,1) changed from              0 to              0
     MDCY(C3322,1)  changed from              1 to              0
     MDCY(C-3322,1) changed from              0 to              0
     MDCY(C3334,1)  changed from              1 to              0
     MDCY(C-3334,1) changed from              0 to              0
 BEGINNINGOFEVENT
           1        1826   39397.3086
           1           211             0             1    0.216885880       -0.220099017        0.441637903        0.556790173
           2           211             0             1    0.448586524        0.721322894       -0.389494300        0.944844186
           3           111             0             1   -0.188153997        -9.45379138E-02   -0.235543728        0.343577057
           4           130             0             1    -3.67366970E-02   -0.128393278        -1.91306436         1.98125088
           5           111             0             1     5.62276095E-02    -4.51799929E-02   -0.147924006        0.212859809
           6           111             0             1    0.144220263         2.87298411E-02   -0.166082203        0.259679019
           7           111             0             1    0.462382019        0.255642831       -0.584383786        0.799299598
           8          -211             0             1   -0.307600439        0.115325443        -2.99140811E-03    0.356952488
           9           111             0             1    0.344435483       -0.111737698       -0.399271309        0.555665016
          10           211             0             1    -2.78852284E-02    0.546464384         2.73708558         2.79473186
          11           111             0             1   -0.101953924       -0.128494993         2.17224646         2.18260956
          12          -211             0             1    -6.46670982E-02   -0.134564608        0.218722686        0.299361378
          13           211             0             1    0.148886636        0.112270646        0.504919946        0.556061268
          14           111             0             1   -0.124349140        0.285978764        0.262268305        0.429250747
          15           211             0             1   -0.110280827        0.358957052         3.50198841         3.52482939
          16          -211             0             1   -0.208722606        0.165328920        0.443324506        0.535652459
          17          -211             0             1    0.128729433         1.07244539         5.83753061         5.93826246
          18           111             0             1   -0.242382824         4.82754409E-03     1.31900191         1.34787393
          19           211             0             1   -0.219843388        -4.70884442E-02     2.29429793         2.30951047
          20          -211             0             1   -0.489558101       -0.299670726        0.735885739        0.943655372
          21          -211             0             1     1.48410425E-02    0.166898072        0.257424057        0.337387830
          22           211             0             1   -0.121257678       -0.347927898        -7.61727989E-02    0.401307523
          23          -211             0             1    0.276509881        0.136011124       -0.152622506        0.371131450
          24           111             0             1    -2.72977054E-02     4.18918580E-03   -0.773889720        0.786061764
          25           111             0             1     1.94201954E-02   -0.323715895       -0.212969974        0.410792351
          26           111             0             1    -6.00225739E-02     7.50479102E-03    -9.12396088E-02    0.173806503
          27           111             0             1     5.22626787E-02   -0.179483503        -5.22500724E-02    0.236433461
          28           130             0             1     5.31472266E-02    0.137163848       -0.159251377        0.542867243
          29           111             0             1    0.360009253         1.12459911E-02     1.30528045         1.36077738
          30           211             0             1    0.271795869         1.77242756E-02     1.45813203         1.48990786
          31          -211             0             1   -0.168924674       -0.139424235        0.123491779        0.287598729
          32          -211             0             1    0.865019023       -0.481977016        -1.08051884         1.47226655
          33           211             0             1    -9.77702662E-02    0.509439647        -1.98900914         2.06027508
          34          -211             0             1    -7.24038556E-02   -0.466686368        -1.97828007         2.03865623
          35          -211             0             1   -0.182539925        0.108607344         8.10415074E-02    0.266781330
          36           111             0             1   -0.962042451       -0.657029033        -2.02321053         2.33855152
          37           321             0             1   -0.146018654       -0.471370935        -2.56484747         2.65811896
          38           111             0             1    0.115841471        -4.70309444E-02   -0.126294926        0.223173857
          39           211             0             1   -0.176598221        0.297429532        0.459700286        0.591999829
          40           111             0             1    -2.58212015E-02    0.106028482       -0.223891705        0.283304185
          41           211             0             1     9.67910513E-02    -7.33434856E-02     1.04848015         1.06468153
          42          -211             0             1    0.206307843        -3.86630148E-02     2.60079432         2.61298227
          43           111             0             1    0.114179075        0.376855701         1.49554014         1.55239260
          44          -211             0             1    0.140732080       -0.102299266        0.642821789        0.680425346
          45           111             0             1   -0.493720829       -0.952388763         4.47874641         4.60740709
          46          -211             0             1    -7.54006431E-02   -0.102546230        0.333719313        0.383481085
          47           211             0             1   -0.247856885        -6.64275661E-02    0.340253949        0.448449075
          48           111             0             1     3.12986225E-02     1.22114643E-03     8.18172395E-02    0.160935268
          49           211             0             1    0.380817831        0.101972997       -0.227326006        0.476010472
          50           111             0             1    0.129477963       -0.717757344       -0.155057430        0.757765114
          51           211             0             1    0.149030149        -9.86869410E-02    0.277568251        0.358443022
          52          -211             0             1    0.432033658        -4.18515094E-02   -0.528304577        0.697852790
          53           211             0             1    0.153950125       -0.183172867        0.164532274        0.322198659
          54          -211             0             1   -0.282852381        0.293396384       -0.347366661        0.553388357
          55           211             0             1     9.03401971E-02    0.185417950        -2.49282932         2.50523996
          56           111             0             1    0.127823651       -0.192120880       -0.289728254        0.394229412
          57           211             0             1    0.525668919        0.538935006        -5.89319706         5.94272995
          58          -211             0             1    0.213885948        0.307941258        -3.50067472         3.52346230
          59           111             0             1     8.95567834E-02    -4.55194935E-02   -0.569890022        0.594215274
          60          -321             0             1     9.14702490E-02    0.559518278       -0.481991649        0.892963827
          61           111             0             1   -0.233708054        0.404609621       -0.835404277        0.966671467
          62          -211             0             1     2.15826035E-02    0.231014475        -3.71307991E-02    0.273313612
          63           211             0             1   -0.171187922       -0.380268604        0.119547665        0.455729425
          64           211             0             1    0.132137626         5.08485129E-03   -0.905196488        0.925394535
          65           111             0             1   -0.157210648       -0.136161387        -3.58537889         3.59394240
          66           211             0             1   -0.296296924        0.194122434        -1.56421947         1.60989010
          67          -211             0             1    0.232356995       -0.322849244       -0.158242896        0.450278133
          68           111             0             1   -0.449006468        0.309712291        -5.33378649         5.36330414
          69           111             0             1   -0.571950436       -0.260413766       -0.116722934        0.653293014
          70          -211             0             1    0.366320789        0.151970387       -0.364078820        0.556172073
          71           211             0             1   -0.325017512        0.763059795        -1.75054181         1.94210756
          72           211             0             1    0.387067437        -9.33674574E-02     4.74877208E-02    0.424596220
          73          -211             0             1     8.55555236E-02     5.69849908E-02   -0.462679625        0.494092703
          74           321             0             1   -0.232395977        0.631141782        -1.64200270         1.84178221
          75          -211             0             1    0.140845016        0.378746092       -0.261826396        0.501325369
          76          -321             0             1     3.51680219E-02    0.243968368       -0.591929555        0.809184074
          77           321             0             1   -0.110630840        0.343887627       -0.395597607        0.728447855
          78          -211             0             1    0.153204992        0.157292321        -7.42719769E-02    0.270586610
          79           211             0             1   -0.450929612        -1.54463053E-02    -2.15218210         2.20339561
          80          -211             0             1     1.66244656E-02   -0.188251674       -0.193275273        0.304234296
          81            22             0             1     2.19752779E-03     6.10520225E-03     2.15289276E-03     6.83648838E-03
          82           211             0             1    -2.48463564E-02     3.35635282E-02     3.48707214E-02    0.149826512
          83          -211             0             1     4.09962237E-02    -4.88515012E-02   -0.425941706        0.452749044
          84           111             0             1   -0.329418302       -0.167727590       -0.173569962        0.430116892
          85          -211             0             1     6.16219640E-02   -0.252852619       -0.473567963        0.558109760
          86           211             0             1     6.62831962E-03   -0.410472572       -0.449390352        0.624477029
          87           130             0             1   -0.160256699         7.57660866E-02   -0.925143421         1.06537247
          88          -211             0             1    0.295199245        0.129917309        -6.94879889E-02    0.358242750
          89           211             0             1    0.526303470       -0.826417804        -1.17531335         1.53649318
          90           111             0             1     4.93772514E-02     2.04187110E-02   -0.254313231        0.292840034
          91           111             0             1     3.22406814E-02   -0.178095222       -0.381718308        0.443498909
          92           111             0             1    0.203785002       -0.361850142       -0.776153147        0.890563190
          93         -2212             0             1   -0.537356794        0.270047903        -1.35038233         1.75089049
          94          2212             0             1    -1.61025858        0.763176918       -0.843763590         2.18351007
          95           111             0             1    0.441201687       -0.617566526        -4.28046608         4.34932899
          96           111             0             1   -0.187412590        0.194949389       -0.439582050        0.533466101
          97          -321             0             1    0.490041584        0.178948045        0.741775095         1.03248894
          98           211             0             1    0.242871001        0.378325224         1.17165542         1.26268733
          99          2212             0             1   -0.658494174         7.29757547E-02    -5.73880529         5.85262632
         100           211             0             1   -0.653448343         9.22356397E-02    -3.29339457         3.36176109
         101           211             0             1    0.323840529         6.46974593E-02   -0.807587087        0.883596957
         102          -211             0             1    -5.97383752E-02    0.122225106       -0.801347911        0.824714661
         103           111             0             1    -1.48443393E-02    0.182290286       -0.187919229        0.294938534
         104          -211             0             1    0.611296833       -0.375049800        -1.31467628         1.50406396
         105           211             0             1     8.95606279E-02   -0.149536297       -0.699725032        0.734496772
         106           111             0             1    0.474136829       -0.511126339        -2.63790894         2.73182058
         107           310             0             1   -0.260021985       -0.980762780        -1.13522065         1.60185468
         108           211             0             1     7.87793249E-02   -0.124644279        -2.62168050E-03    0.203069925
         109          -211             0             1   -0.174163908        0.186020762       -0.172999173        0.338162184
         110           111             0             1   -0.325541764         5.51597141E-02   -0.337649137        0.491174072
         111           211             0             1    -1.30789429E-02    -8.80511403E-02    0.144924641        0.220034972
         112          -211             0             1    -7.85425007E-02    -1.87100694E-02    -3.50167491E-02    0.165025234
         113         -2212             0             1   -0.132749170        0.120008640        0.276488304        0.994422853
         114          -211             0             1     1.51590426E-02   -0.145513430        0.308479637        0.368851960
         115            22             0             1    -3.12205907E-02   -0.116898999         2.67163739E-02    0.123910740
         116          -211             0             1   -0.178019315       -0.121087506       -0.283139378        0.382111460
         117           211             0             1     3.18005085E-02   -0.192169666         4.51719090E-02    0.243862927
         118          -211             0             1    0.120112248        0.439193815       -0.751702249        0.889866590
         119           211             0             1    0.189392477       -0.577406347         8.50279536E-03    0.623560786
         120           111             0             1    0.243607685        0.320976913        0.565590143        0.707451820
         121           111             0             1   -0.848782837        0.277431101         4.43678761         4.52777100
         122           321             0             1   -0.196681306       -0.628802717         1.68228710         1.87291420
         123          2112             0             1    0.865338624        0.411406726        -10.5861044         10.6708260
         124         -2212             0             1    0.201191798       -0.286552906       -0.766084552         1.26090574
         125           211             0             1   -0.232474029         5.30454218E-02    0.239397228        0.365591496
         126           111             0             1   -0.388493598       -0.209896475       -0.537270486        0.708426654
         127          -211             0             1    -6.72283620E-02   -0.361198992        0.885515749        0.968819380
         128           111             0             1     5.62178120E-02    -2.77387500E-02     1.21851325         1.22757053
         129           111             0             1    0.120817736       -0.199858516        0.376228362        0.462939650
         130           111             0             1    -4.08213809E-02    -7.54741579E-02    0.220609501        0.272500038
         131           111             0             1    0.239192992        -3.93405780E-02    0.327261716        0.429052651
         132          -211             0             1    -2.35038884E-02   -0.629182816         1.83800864         1.94786739
         133           211             0             1     8.53405520E-02   -0.234238625        0.267345905        0.391296178
         134           111             0             1   -0.141865194       -0.241932780         1.21104908         1.25040865
         135          -211             0             1     3.70843597E-02     9.94145721E-02    0.427536488        0.462097585
         136           211             0             1   -0.195028991        0.200269073        0.889126360        0.942431927
         137           310             0             1    0.458778352        0.202985093       -0.423867166        0.824044108
         138          -211             0             1    0.129287615       -0.209013015        -1.70552397         1.72878623
         139           211             0             1    0.340030074        -9.36785787E-02   -0.905540049        0.981777430
         140           111             0             1    0.475500107       -0.303433359        -3.88115716         3.92425513
         141          -211             0             1    -1.75767913E-02   -0.285790175        -1.00007641         1.04958367
         142           111             0             1    -7.76984692E-02    0.423810780        -2.81302476         2.84903240
         143           211             0             1    0.548475027        0.512964308        -3.51729751         3.59928107
         144           111             0             1   -0.284307957        0.442062110        -2.05190587         2.12244987
         145           111             0             1    0.143969268         3.51419821E-02    0.288584590        0.351380438
         146           111             0             1    -5.37718460E-02    0.130693972        0.467487425        0.506697059
         147           111             0             1    -8.43259320E-03     1.49487592E-02    0.653491855        0.667511284
         148          2212             0             1     0.00000000         0.00000000         99.9955826         100.000000
         149          2112             0             1    0.166020095       -0.256841391         10.8343477         10.8793144
         150           111             0             1   -0.367188185         6.55258968E-02   -0.292935312        0.493109554
         151         -2212             0             1    -7.96562582E-02    0.242881909         7.27082342E-02    0.975207865
         152          2112             0             1    0.223413557       -0.483718544        -1.04712248         1.50439727
         153          -211             0             1    -7.49028251E-02   -0.153730184       -0.853686452        0.881766319
         154           211             0             1    0.179737896        0.142501026         4.93476820         4.94206810
         155           111             0             1   -0.223943412       -0.161748558        0.975812316         1.02310717
         156           211             0             1     4.51325402E-02     2.31517404E-02    0.373479277        0.401930183
         157          -211             0             1   -0.217700690        0.648782313         1.03914261         1.25204527
         158          -211             0             1    0.230795503        -3.25894803E-02    0.399135649        0.482831329
         159           211             0             1    0.288178176       -0.366640955         1.39584303         1.47828913
         160           111             0             1    -7.79393762E-02    -2.06013881E-02    0.106673226        0.190008253
         161           211             0             1    -6.73822835E-02    -8.79940838E-02   -0.814549923        0.833824575
         162           111             0             1    0.220043987        0.711784840        -1.91496742         2.05921936
         163           211             0             1    0.354495317        0.138705373       -0.849229336        0.941055119
         164           111             0             1    -3.73626053E-02    0.189039916        -1.91578007         1.93017364
         165          2212             0             1     0.00000000         0.00000000         99.9955826         100.000000
         166          2212             0             1     0.00000000         0.00000000         99.9955826         100.000000
         167          2212             0             1     0.00000000         0.00000000         99.9955826         100.000000
         168          2212             0             1     0.00000000         0.00000000         99.9955826         100.000000
         169          2212             0             1     0.00000000         0.00000000         99.9955826         100.000000
         170          2212             0             1     0.00000000         0.00000000         99.9955826         100.000000
         171          2212             0             1     0.00000000         0.00000000         99.9955826         100.000000
         172          2212             0             1     0.00000000         0.00000000         99.9955826         100.000000
         173          2212             0             1     0.00000000         0.00000000         99.9955826         100.000000
         174          2212             0             1     0.00000000         0.00000000         99.9955826         100.000000
         175           111             0             1     8.53401423E-02    0.147072375        0.452397704        0.501798630
         176          2212             0             1    0.187522933       -0.273727775         55.1419296         55.1509056
         177           211             0             1   -0.120476849       -0.270130843         13.1157351         13.1198120
         178           211             0             1   -0.551364243        0.243197396         4.61474800         4.65602112
         179          -211             0             1    0.369525552        0.370963246         8.51624298         8.53346729
         180           211             0             1     6.86240718E-02   -0.184165344         3.19059658         3.19969058
         181          -211             0             1     3.35428230E-02    0.292752087         5.04875040         5.05926847
         182           111             0             1   -0.135163486        -6.06514104E-02     4.23849869         4.24323511
         183           211             0             1   -0.148772478         2.73022540E-02    0.450745046        0.495517880
         184          -211             0             1    0.187294722        -9.71369371E-02     3.41558838         3.42494512
         185          -211             0             1    0.690533876        -9.12709981E-02    0.727449059         1.01677811
         186           111             0             1    -2.31547058E-02    -8.82768258E-03    0.832794547        0.844029665
         187          2212             0             1     0.00000000         0.00000000         99.9955826         100.000000
         188          2212             0             1     0.00000000         0.00000000         99.9955826         100.000000
         189          2212             0             1     0.00000000         0.00000000         99.9955826         100.000000
         190          2212             0             1     0.00000000         0.00000000         99.9955826         100.000000
         191          2212             0             1     0.00000000         0.00000000         99.9955826         100.000000
         192          2212             0             1     0.00000000         0.00000000         99.9955826         100.000000
         193          2212             0             1     0.00000000         0.00000000         99.9955826         100.000000
         194          2212             0             1     0.00000000         0.00000000         99.9955826         100.000000
         195          2212             0             1     0.00000000         0.00000000         99.9955826         100.000000
         196          2212             0             1     0.00000000         0.00000000         99.9955826         100.000000
         197          2212             0             1     0.00000000         0.00000000         99.9955826         100.000000
         198          2212             0             1     0.00000000         0.00000000         99.9955826         100.000000
         199          2212             0             1     0.00000000         0.00000000         99.9955826         100.000000
         200          2212             0             1     0.00000000         0.00000000         99.9955826         100.000000
